epochs,accuracy,nmi,ari,testAcc,nmi_test,ari_test
0,0.58559,0.04849,0.01567,0.57329,0.04473,0.01231
1,0.6052,0.08164,0.03197,0.59206,0.07783,0.02553
2,0.63804,0.11874,0.06628,0.6268,0.11901,0.05752
3,0.67367,0.152,0.11322,0.66279,0.14818,0.1009
4,0.70511,0.19494,0.1625,0.69319,0.18805,0.14524
5,0.83341,0.40009,0.4433,0.82674,0.39311,0.42608
6,0.86791,0.46969,0.54071,0.86319,0.46088,0.52713
7,0.8733,0.477,0.55679,0.86971,0.47011,0.54631
8,0.87389,0.47844,0.55858,0.87079,0.47295,0.54954
9,0.87522,0.48094,0.56259,0.87126,0.47321,0.55093
10,0.87961,0.48894,0.57591,0.87374,0.47571,0.55836
11,0.88094,0.49324,0.57996,0.87498,0.4792,0.56208
12,0.88373,0.49923,0.58854,0.87917,0.48822,0.57475
13,0.88599,0.50523,0.59552,0.88119,0.49372,0.58089
14,0.88726,0.50557,0.59946,0.88367,0.49791,0.58851
15,0.88865,0.50905,0.60381,0.88537,0.50317,0.59377
16,0.88859,0.51227,0.60357,0.88429,0.50154,0.59041
17,0.89045,0.51501,0.60941,0.88646,0.50641,0.59712
18,0.89058,0.51527,0.60982,0.88754,0.50944,0.60049
19,0.88932,0.51807,0.60582,0.88537,0.508,0.59374
20,0.88865,0.51799,0.60374,0.88506,0.50991,0.59277
21,0.89164,0.52063,0.61314,0.8877,0.511,0.60097
22,0.89105,0.52114,0.61125,0.88661,0.50965,0.59759
23,0.88918,0.51936,0.6054,0.88615,0.51237,0.59613
24,0.89211,0.5231,0.6146,0.8877,0.51195,0.60096
25,0.89231,0.52342,0.61522,0.88832,0.51331,0.60289
26,0.89317,0.52541,0.61795,0.88956,0.5163,0.60676
27,0.89337,0.52544,0.61858,0.88987,0.51711,0.60773
28,0.89297,0.52603,0.61731,0.8891,0.51629,0.6053
29,0.89424,0.52648,0.62132,0.89096,0.51859,0.61113
30,0.89277,0.5277,0.61667,0.8891,0.51883,0.60529
31,0.89503,0.52864,0.62385,0.89111,0.519,0.61162
32,0.89543,0.5305,0.62511,0.89127,0.52031,0.6121
33,0.89523,0.53219,0.62446,0.89018,0.51887,0.60869
34,0.89523,0.53035,0.62447,0.89111,0.52036,0.61161
35,0.89523,0.53229,0.62446,0.89065,0.52033,0.61015
36,0.89703,0.53317,0.63019,0.89328,0.52434,0.61845
37,0.8965,0.53021,0.62851,0.89344,0.5237,0.61894
38,0.89577,0.53501,0.62614,0.89065,0.52181,0.61014
39,0.8965,0.53408,0.62848,0.89235,0.52364,0.61551
40,0.89577,0.53601,0.62613,0.89142,0.52512,0.61257
41,0.89577,0.53681,0.62612,0.8922,0.52848,0.615
42,0.8955,0.53692,0.62527,0.89189,0.52905,0.61402
43,0.89703,0.53726,0.63016,0.89313,0.52759,0.61794
44,0.8961,0.53852,0.62717,0.89235,0.53026,0.61548
45,0.89663,0.53925,0.62887,0.89282,0.5301,0.61695
46,0.89756,0.5385,0.63186,0.89437,0.53212,0.62185
47,0.89749,0.54102,0.63163,0.8939,0.53323,0.62037
48,0.89862,0.53972,0.63527,0.89592,0.53457,0.62677
49,0.89776,0.54196,0.63247,0.89452,0.53513,0.62233
50,0.89909,0.53784,0.63678,0.89623,0.53188,0.62777
51,0.89709,0.5435,0.63033,0.89468,0.54044,0.6228
52,0.89856,0.54281,0.63503,0.89437,0.53262,0.62185
53,0.89882,0.53951,0.63591,0.89546,0.53239,0.6253
54,0.89902,0.5454,0.63651,0.89577,0.53789,0.62626
55,0.89876,0.53932,0.6357,0.89561,0.53281,0.62579
56,0.89789,0.54232,0.6329,0.89406,0.53284,0.62087
57,0.89942,0.54583,0.63779,0.8953,0.53561,0.62479
58,0.89902,0.54678,0.6365,0.89546,0.53897,0.62527
59,0.90068,0.54855,0.64185,0.89685,0.53951,0.62972
60,0.89942,0.54402,0.6378,0.89452,0.53106,0.62235
61,0.90015,0.54917,0.64013,0.89639,0.54008,0.62823
62,0.89902,0.54302,0.63653,0.89483,0.53261,0.62333
63,0.90002,0.54368,0.63974,0.89608,0.53429,0.62727
64,0.90082,0.55044,0.64227,0.89701,0.54121,0.63021
65,0.89949,0.54145,0.63804,0.89577,0.533,0.62628
66,0.89975,0.54831,0.63885,0.89639,0.54116,0.62823
67,0.89949,0.54472,0.63801,0.89654,0.53868,0.62873
68,0.90029,0.5482,0.64056,0.89747,0.54169,0.63169
69,0.90088,0.55029,0.64248,0.89763,0.54288,0.63218
70,0.90201,0.55152,0.64613,0.89995,0.54893,0.63962
71,0.89929,0.5447,0.63737,0.89608,0.5382,0.62725
72,0.89856,0.54781,0.635,0.89592,0.5437,0.62673
73,0.89809,0.5439,0.63353,0.89577,0.54035,0.62625
74,0.90102,0.55201,0.6429,0.8984,0.54712,0.63465
75,0.90175,0.54948,0.64529,0.89902,0.54514,0.63664
76,0.90055,0.54674,0.64143,0.89732,0.54002,0.6312
77,0.90195,0.55228,0.64591,0.89871,0.54556,0.63565
78,0.90168,0.5508,0.64506,0.89856,0.54488,0.63515
79,0.90075,0.54906,0.64206,0.8984,0.54576,0.63465
80,0.90235,0.55185,0.64721,0.89887,0.54472,0.63615
81,0.90467,0.55463,0.65477,0.90181,0.55006,0.64561
82,0.90155,0.55064,0.64463,0.89747,0.54246,0.63169
83,0.90314,0.5548,0.64978,0.89918,0.54606,0.63714
84,0.90255,0.55251,0.64785,0.89856,0.54388,0.63516
85,0.90294,0.55275,0.64915,0.89685,0.53616,0.62973
86,0.90381,0.55637,0.65194,0.89933,0.54624,0.63763
87,0.90368,0.5554,0.65151,0.89871,0.54332,0.63566
88,0.90281,0.55228,0.64872,0.89809,0.54023,0.63368
89,0.90474,0.55852,0.65496,0.89995,0.54672,0.63963
90,0.90534,0.55984,0.6569,0.90042,0.54848,0.64112
91,0.90401,0.55586,0.65259,0.89887,0.54327,0.63615
92,0.9068,0.56164,0.66168,0.90337,0.55575,0.65061
93,0.90135,0.55225,0.64398,0.8984,0.54824,0.63464
94,0.90361,0.55704,0.65128,0.90057,0.55193,0.6416
95,0.90394,0.55777,0.65236,0.90119,0.55389,0.64359
96,0.90673,0.56376,0.66145,0.9015,0.55124,0.64461
97,0.90467,0.55804,0.65474,0.89918,0.54412,0.63714
98,0.90693,0.56529,0.66209,0.90383,0.5599,0.6521
99,0.90308,0.55533,0.64956,0.90042,0.5515,0.6411
100,0.90487,0.5604,0.65538,0.9015,0.55448,0.64459
101,0.90467,0.55973,0.65473,0.90073,0.55131,0.6421
102,0.90388,0.55973,0.65213,0.89964,0.5513,0.63861
103,0.90401,0.55869,0.65257,0.90088,0.55384,0.64259
104,0.90713,0.56636,0.66274,0.90306,0.55799,0.6496
105,0.90414,0.55771,0.65301,0.90119,0.55259,0.6436
106,0.90707,0.56539,0.66253,0.90275,0.55541,0.6486
107,0.90766,0.56573,0.66449,0.90414,0.55816,0.65312
108,0.90733,0.56597,0.6634,0.90306,0.55603,0.6496
109,0.9066,0.56385,0.66101,0.90166,0.55121,0.64511
110,0.90587,0.56314,0.65862,0.9029,0.55781,0.64909
111,0.9076,0.56608,0.66427,0.90321,0.55577,0.65011
112,0.9058,0.56305,0.6584,0.90306,0.55876,0.64959
113,0.90554,0.56129,0.65754,0.90197,0.55349,0.6461
114,0.90806,0.56847,0.66578,0.9043,0.56071,0.65361
115,0.90587,0.56146,0.65863,0.9015,0.55124,0.64461
116,0.90607,0.56271,0.65927,0.90181,0.55234,0.6456
117,0.9074,0.56683,0.66361,0.90337,0.55762,0.6506
118,0.90527,0.56311,0.65666,0.90275,0.55977,0.64858
119,0.90753,0.56821,0.66404,0.90414,0.56127,0.65311
120,0.90487,0.5605,0.65538,0.90259,0.55747,0.64809
121,0.90521,0.56239,0.65645,0.90244,0.5581,0.64759
122,0.907,0.56771,0.66229,0.90399,0.56293,0.6526
123,0.90973,0.56906,0.67126,0.90724,0.56571,0.66321
124,0.90487,0.56081,0.65537,0.90197,0.55628,0.64609
125,0.90288,0.55843,0.6489,0.89887,0.55035,0.63613
126,0.90328,0.55931,0.65019,0.89918,0.55032,0.63712
127,0.90321,0.55889,0.64997,0.89918,0.55061,0.63712
128,0.90567,0.56637,0.65795,0.90244,0.56061,0.64758
129,0.91019,0.57604,0.67275,0.90724,0.57128,0.66318
130,0.9058,0.56336,0.6584,0.9029,0.55833,0.64909
131,0.90634,0.56571,0.66013,0.90321,0.56078,0.65009
132,0.90501,0.56067,0.65581,0.90259,0.55773,0.64809
133,0.9056,0.56427,0.65774,0.90306,0.56118,0.64958
134,0.91059,0.57605,0.67407,0.90802,0.57273,0.66572
135,0.90494,0.56174,0.65559,0.90135,0.55539,0.64409
136,0.90973,0.57438,0.67123,0.90647,0.56832,0.66066
137,0.90507,0.56097,0.65602,0.90275,0.55842,0.64859
138,0.90647,0.56695,0.66056,0.90321,0.56133,0.65009
139,0.91032,0.57643,0.67319,0.90647,0.56807,0.66066
140,0.90687,0.56671,0.66186,0.90414,0.56309,0.6531
141,0.90933,0.57322,0.66992,0.906,0.56675,0.65915
142,0.9062,0.56619,0.65969,0.90306,0.5609,0.64958
143,0.90627,0.56704,0.6599,0.90306,0.56146,0.64958
144,0.90806,0.57036,0.66577,0.90492,0.56395,0.65562
145,0.90693,0.56679,0.66208,0.90352,0.56005,0.6511
146,0.90786,0.56947,0.66512,0.90507,0.56464,0.65612
147,0.90693,0.56816,0.66207,0.90445,0.56449,0.6541
148,0.90992,0.57586,0.67188,0.90678,0.57022,0.66167
149,0.90926,0.57205,0.6697,0.90631,0.56713,0.66016
150,0.90933,0.57331,0.66992,0.90569,0.56613,0.65814
151,0.9076,0.5685,0.66425,0.90445,0.56239,0.65411
152,0.9062,0.56597,0.65969,0.90383,0.56388,0.65209
153,0.91205,0.58172,0.67889,0.90988,0.57883,0.67182
154,0.906,0.56562,0.65904,0.90383,0.56416,0.65209
155,0.91099,0.57771,0.67538,0.90817,0.57318,0.66623
156,0.90667,0.56885,0.6612,0.9043,0.56631,0.65359
157,0.9078,0.57096,0.66489,0.90569,0.56905,0.65813
158,0.91099,0.57809,0.67538,0.90817,0.57343,0.66623
159,0.90667,0.56666,0.66121,0.90461,0.56492,0.65461
160,0.90647,0.56874,0.66054,0.90352,0.56417,0.65108
161,0.91066,0.57872,0.67428,0.90709,0.57136,0.66268
162,0.9074,0.56918,0.66359,0.90461,0.56465,0.65461
163,0.91192,0.579,0.67846,0.91112,0.58121,0.6759
164,0.90607,0.56784,0.65924,0.90306,0.56289,0.64958
165,0.90826,0.57241,0.66642,0.90585,0.56948,0.65863
166,0.9078,0.57075,0.6649,0.90476,0.56563,0.65511
167,0.91072,0.5784,0.6745,0.90771,0.57312,0.6647
168,0.9084,0.57132,0.66686,0.90569,0.5669,0.65813
169,0.91019,0.57634,0.67275,0.90631,0.56788,0.66015
170,0.91185,0.57989,0.67824,0.90957,0.57719,0.6708
171,0.90534,0.56485,0.65687,0.90244,0.5609,0.64758
172,0.906,0.56848,0.65902,0.90275,0.56233,0.64858
173,0.907,0.57059,0.66228,0.90321,0.56302,0.65008
174,0.90667,0.5693,0.66119,0.90337,0.56345,0.65058
175,0.907,0.56968,0.66228,0.90414,0.56559,0.65309
176,0.908,0.57309,0.66554,0.90414,0.5653,0.65309
177,0.91179,0.57951,0.67802,0.91097,0.58076,0.67539
178,0.90713,0.56789,0.66273,0.90461,0.56439,0.65461
179,0.90886,0.5735,0.66838,0.906,0.5683,0.65914
180,0.90587,0.56739,0.65859,0.90244,0.5609,0.64758
181,0.90554,0.56553,0.65752,0.90244,0.56061,0.64758
182,0.90992,0.57617,0.67187,0.90647,0.56934,0.66066
183,0.90946,0.57492,0.67034,0.90647,0.56961,0.66066
184,0.90886,0.57287,0.66838,0.90585,0.56734,0.65864
185,0.9082,0.57023,0.66621,0.90569,0.56638,0.65814
186,0.9064,0.56798,0.66033,0.9029,0.5616,0.64908
187,0.9064,0.56878,0.66033,0.9029,0.56188,0.64908
188,0.90647,0.56716,0.66055,0.90383,0.56388,0.65209
189,0.90388,0.56228,0.65212,0.90057,0.55733,0.64158
190,0.90334,0.56056,0.65039,0.8998,0.55403,0.6391
191,0.90966,0.57655,0.67099,0.90631,0.56997,0.66015
192,0.90926,0.57507,0.66969,0.90662,0.57057,0.66116
193,0.90866,0.57292,0.66773,0.90569,0.56823,0.65813
194,0.91019,0.57842,0.67274,0.90802,0.57506,0.66571
195,0.90986,0.57448,0.67166,0.90616,0.56719,0.65965
196,0.90673,0.57007,0.66141,0.90306,0.5626,0.64958
197,0.90919,0.57435,0.66947,0.90647,0.56987,0.66065
198,0.90713,0.56895,0.66272,0.90492,0.56689,0.65561
199,0.91232,0.58174,0.67977,0.91128,0.58214,0.67641
200,0.90547,0.56615,0.6573,0.90228,0.56077,0.64708
201,0.90587,0.56834,0.65859,0.90275,0.56263,0.64857
202,0.90135,0.55616,0.64395,0.89825,0.55204,0.63413
203,0.91219,0.58033,0.67934,0.91205,0.58441,0.67897
204,0.90414,0.5623,0.65298,0.9015,0.55807,0.64458
205,0.90647,0.56944,0.66054,0.90352,0.56417,0.65108
206,0.91179,0.58183,0.678,0.91004,0.58004,0.67232
207,0.90786,0.57009,0.66512,0.90476,0.56403,0.65511
208,0.91066,0.57821,0.67428,0.90771,0.57312,0.6647
209,0.90953,0.5747,0.67057,0.90662,0.56978,0.66116
210,0.90687,0.56852,0.66185,0.90445,0.56616,0.6541
211,0.90766,0.57203,0.66445,0.9043,0.56631,0.65359
212,0.907,0.56923,0.66229,0.90445,0.56616,0.6541
213,0.90693,0.57064,0.66206,0.90306,0.56231,0.64958
214,0.90634,0.56734,0.66012,0.90306,0.56202,0.64958
215,0.90647,0.56817,0.66055,0.90306,0.56202,0.64958
216,0.90992,0.5769,0.67187,0.90678,0.57101,0.66166
217,0.91238,0.58223,0.67999,0.91112,0.58218,0.6759
218,0.908,0.57058,0.66555,0.90538,0.56763,0.65712
219,0.91312,0.58518,0.6824,0.91205,0.58564,0.67896
220,0.90627,0.56552,0.65991,0.90383,0.56332,0.65209
221,0.90587,0.56613,0.6586,0.90306,0.56231,0.64958
222,0.90687,0.56787,0.66186,0.90414,0.56446,0.65309
223,0.90999,0.57546,0.6721,0.90647,0.56807,0.66066
224,0.908,0.57275,0.66554,0.90476,0.56702,0.6551
225,0.91238,0.58381,0.67998,0.90926,0.57755,0.66978
226,0.91212,0.58182,0.67911,0.90895,0.57565,0.66877
227,0.90773,0.57233,0.66467,0.90461,0.56717,0.6546
228,0.9082,0.57378,0.66619,0.90554,0.56946,0.65762
229,0.90959,0.57604,0.67078,0.90802,0.57453,0.66571
230,0.90893,0.57215,0.66861,0.90569,0.56613,0.65814
231,0.90906,0.57547,0.66903,0.90771,0.57555,0.66469
232,0.90421,0.5643,0.65319,0.90244,0.56178,0.64757
233,0.90594,0.5689,0.6588,0.90337,0.56433,0.65058
234,0.90627,0.56864,0.65989,0.90337,0.56374,0.65058
235,0.90693,0.56949,0.66207,0.90383,0.56444,0.65209
236,0.91032,0.57849,0.67318,0.90662,0.57084,0.66116
237,0.91086,0.58004,0.67493,0.90864,0.57656,0.66774
238,0.9056,0.56784,0.65772,0.90321,0.56361,0.65008
239,0.90653,0.56998,0.66076,0.90476,0.56818,0.6551
240,0.9082,0.57344,0.66619,0.90631,0.57051,0.66015
241,0.91072,0.5779,0.6745,0.91066,0.58132,0.67436
242,0.9054,0.5668,0.65708,0.90228,0.56077,0.64708
243,0.90667,0.57012,0.66119,0.90337,0.56374,0.65058
244,0.90627,0.56947,0.65989,0.90352,0.56446,0.65108
245,0.90554,0.56765,0.65751,0.90321,0.56361,0.65008
246,0.90587,0.56859,0.65859,0.90321,0.5639,0.65008
247,0.9066,0.56935,0.66098,0.90306,0.56231,0.64958
248,0.9066,0.57029,0.66097,0.90321,0.56331,0.65008
249,0.908,0.57143,0.66555,0.90507,0.56704,0.65611
250,0.91179,0.58153,0.67801,0.90988,0.57908,0.67182
251,0.90627,0.56887,0.65989,0.9043,0.5666,0.65359
252,0.91119,0.58038,0.67603,0.91097,0.58298,0.67538
253,0.90939,0.57546,0.67012,0.90755,0.57321,0.66419
254,0.91072,0.57891,0.6745,0.91019,0.58049,0.67283
255,0.90846,0.57465,0.66706,0.90585,0.57005,0.65863
256,0.91139,0.58301,0.67667,0.90911,0.57842,0.66927
257,0.90594,0.56677,0.65881,0.90507,0.56817,0.65611
258,0.90673,0.57031,0.66141,0.90445,0.56674,0.65409
259,0.90833,0.57304,0.66663,0.90662,0.57084,0.66116
260,0.91145,0.58298,0.6769,0.90926,0.5786,0.66978
261,0.91225,0.58251,0.67955,0.90988,0.57858,0.67182
262,0.90979,0.57507,0.67144,0.90678,0.56971,0.66167
263,0.91092,0.58077,0.67515,0.90786,0.57544,0.6652
264,0.91139,0.58107,0.67669,0.90833,0.57489,0.66673
265,0.90833,0.57271,0.66663,0.90569,0.56905,0.65813
266,0.90727,0.57135,0.66315,0.90445,0.56674,0.65409
267,0.90766,0.57091,0.66446,0.906,0.56964,0.65914
268,0.91365,0.58619,0.68417,0.91484,0.59362,0.68821
269,0.90527,0.56642,0.65664,0.90213,0.56034,0.64658
270,0.91152,0.58209,0.67712,0.90833,0.57676,0.66672
271,0.91345,0.58656,0.6835,0.91174,0.58473,0.67794
272,0.91192,0.58192,0.67845,0.90786,0.57229,0.66521
273,0.90806,0.57504,0.66575,0.90538,0.56961,0.65711
274,0.91072,0.58019,0.67449,0.90957,0.57948,0.67079
275,0.91192,0.58075,0.67845,0.91128,0.58238,0.67641
276,0.9062,0.56741,0.65968,0.90476,0.56731,0.6551
277,0.90554,0.56705,0.65751,0.90383,0.56561,0.65208
278,0.90747,0.57101,0.6638,0.90616,0.57091,0.65964
279,0.91285,0.58539,0.68152,0.9136,0.59069,0.68409
280,0.90501,0.56628,0.65578,0.90135,0.55883,0.64408
281,0.91052,0.57907,0.67384,0.9105,0.5819,0.67385
282,0.91219,0.58281,0.67932,0.90895,0.5759,0.66876
283,0.90793,0.57189,0.66533,0.90693,0.57281,0.66216
284,0.91032,0.57991,0.67317,0.90848,0.57747,0.66723
285,0.91006,0.57687,0.67231,0.90926,0.57755,0.66978
286,0.90933,0.57613,0.6699,0.90786,0.57489,0.6652
287,0.91039,0.57722,0.67341,0.90817,0.57393,0.66622
288,0.91132,0.57996,0.67647,0.91097,0.58172,0.67539
289,0.90693,0.56983,0.66206,0.90569,0.57047,0.65812
290,0.90547,0.56796,0.65729,0.90321,0.5639,0.65008
291,0.90939,0.57688,0.67011,0.90786,0.57599,0.6652
292,0.90826,0.57329,0.66641,0.90631,0.57163,0.66014
293,0.90899,0.57357,0.66882,0.90631,0.56891,0.66015
294,0.90886,0.57626,0.66836,0.90538,0.56932,0.65711
295,0.91112,0.58212,0.6758,0.90833,0.57731,0.66672
296,0.91125,0.57675,0.67627,0.91112,0.58074,0.6759
297,0.90813,0.57535,0.66596,0.90554,0.57033,0.65762
298,0.90913,0.5748,0.66925,0.90678,0.57182,0.66166
299,0.91258,0.5845,0.68064,0.91081,0.58228,0.67487
300,0.907,0.57025,0.66228,0.90337,0.56316,0.65058
301,0.90653,0.57034,0.66075,0.90306,0.56318,0.64958
0,0.5683,0.01359,0.00386,0.55514,0.00907,0.00219
1,0.61477,0.09796,0.04101,0.60323,0.09485,0.03474
2,0.63292,0.10939,0.06046,0.6223,0.11068,0.05288
3,0.65426,0.12571,0.08665,0.64092,0.11802,0.07354
4,0.7793,0.30115,0.30931,0.77059,0.29299,0.29098
5,0.83813,0.40388,0.45613,0.83388,0.39934,0.44508
6,0.8489,0.42596,0.48592,0.84272,0.41565,0.46912
0,0.56519,0.00725,0.00197,0.55345,0.00551,0.00137
1,0.59118,0.05774,0.02002,0.57766,0.05268,0.01513
2,0.62901,0.10663,0.05605,0.61862,0.1081,0.04914
3,0.64657,0.12405,0.07668,0.63351,0.122,0.06487
4,0.66199,0.13632,0.09688,0.64794,0.12797,0.08191
